Proj: 99
Zone: 0
North: -934410.20599250996019691228866577148437500000000000000000
South: -1227585.78651685011573135852813720703125000000000000000000
East: -430661.31877728999825194478034973144531250000000000000000
West: -905013.19650654995348304510116577148437500000000000000000
Top: 100.00000000000000000000000000000000000000000000000000
Bottom: 0.00000000000000000000000000000000000000000000000000
nofRows: 10287
nofCols: 16644
nofDepths: 50
e-w resol: 28.49987249034246161727423896081745624542236328125000
n-s resol: 28.49961898749296906885319913271814584732055664062500
t-b resol: 2.00000000000000000000000000000000000000000000000000
