proj:       99
zone:       0
north:      -935192.99205461
south:      -1227305.81463057
east:       -431399.54956462
west:       -904259.05583984
cols:       7881
rows:       3246
e-w resol:  59.99993735
n-s resol:  89.99162741
