proj:       99
zone:       0
north:      -988053
south:      -1156869
east:       -784452
west:       -907227
cols:       614
rows:       844
e-w resol:  199.95928339
n-s resol:  200.01895735
top:        1
bottom:     0
cols3:      614
rows3:      844
depths:     1
e-w resol3: 199.95928339
n-s resol3: 200.01895735
t-b resol:  1
